Distance (mm)	Counts
0.0	2.0
0.2	2.0
0.4	4.0
0.6	4.0
0.8	3.0
1.0	2.0
1.2	1.0
1.4	3.0
1.6	1.0
1.8	4.0
2.0	2.0
2.2	5.0
2.4	4.0
2.6	2.0
2.8	5.0
3.0	1.0
3.2	4.0
3.4	3.0
3.6	6.0
3.8	7.0
4.0	18.0
4.2	20.0
4.4	18.0
4.6	39.0
4.8	56.0
5.0	85.0
5.2	97.0
5.4	90.0
5.6	57.0
5.8	76.0
6.0	72.0
6.2	119.0
6.4	62.0
6.6	91.0
6.8	81.0
7.0	38.0
7.2	25.0
7.4	22.0
7.6	10.0
7.8	3.0
8.0	5.0
8.2	2.0
8.4	7.0
8.6	3.0
8.8	2.0
9.0	2.0
9.2	1.0
9.4	2.0
9.6	4.0
9.8	3.0
10.0	4.0
10.2	3.0
10.4	1.0
10.6	3.0
10.8	6.0
11.0	2.0
11.2	0.0
11.4	3.0
11.6	1.0
11.8	0.0
12.0	1.0
12.2	4.0
12.4	1.0
12.6	1.0
12.8	4.0
13.0	2.0
13.2	2.0
13.4	1.0
13.6	2.0
13.8	1.0
14.0	2.0
14.2	2.0
14.4	0.0
14.6	2.0
14.8	1.0
15.0	0.0
15.2	2.0
15.4	0.0
15.6	2.0
15.8	3.0
16.0	0.0
