Distance (mm)	Counts
0.0	3.0
0.2	2.0
0.4	1.0
0.6	0.0
0.8	6.0
1.0	1.0
1.2	0.0
1.4	2.0
1.6	4.0
1.8	3.0
2.0	1.0
2.2	4.0
2.4	3.0
2.6	8.0
2.8	5.0
3.0	3.0
3.2	3.0
3.4	7.0
3.6	7.0
3.8	18.0
4.0	22.0
4.2	37.0
4.4	48.0
4.6	69.0
4.8	90.0
5.0	72.0
5.2	88.0
5.4	55.0
5.6	42.0
5.8	36.0
6.0	42.0
6.2	53.0
6.4	73.0
6.6	64.0
6.8	72.0
7.0	73.0
7.2	51.0
7.4	37.0
7.6	19.0
7.8	14.0
8.0	6.0
8.2	4.0
8.4	9.0
8.6	4.0
8.8	4.0
9.0	2.0
9.2	4.0
9.4	2.0
9.6	0.0
9.8	4.0
10.0	2.0
10.2	2.0
10.4	1.0
10.6	10.0
10.8	2.0
11.0	6.0
11.2	1.0
11.4	5.0
11.6	2.0
11.8	4.0
12.0	7.0
12.2	2.0
12.4	3.0
12.6	3.0
12.8	3.0
13.0	1.0
13.2	1.0
13.4	0.0
13.6	0.0
13.8	2.0
14.0	2.0
14.2	1.0
14.4	2.0
14.6	1.0
14.8	1.0
15.0	4.0
15.2	0.0
15.4	2.0
15.6	0.0
15.8	2.0
16.0	0.0
