Distance (mm)	Counts
0.0	3.0
0.2	5.0
0.4	10.0
0.6	9.0
0.8	9.0
1.0	21.0
1.2	46.0
1.4	51.0
1.6	75.0
1.8	93.0
2.0	74.0
2.2	64.0
2.4	24.0
2.6	25.0
2.8	9.0
3.0	5.0
3.2	6.0
3.4	3.0
3.6	3.0
3.8	5.0
4.0	2.0
4.2	2.0
4.4	4.0
4.6	4.0
4.8	1.0
5.0	2.0
5.2	0.0
5.4	3.0
5.6	4.0
5.8	4.0
6.0	1.0
6.2	5.0
6.4	0.0
6.6	2.0
6.8	0.0
7.0	2.0
7.2	3.0
7.4	3.0
7.6	1.0
7.8	5.0
8.0	0.0
8.2	6.0
8.4	2.0
8.6	2.0
8.8	1.0
9.0	3.0
9.2	2.0
9.4	7.0
9.6	9.0
9.8	18.0
10.0	26.0
10.2	35.0
10.4	57.0
10.6	67.0
10.8	74.0
11.0	66.0
11.2	47.0
11.4	32.0
11.6	10.0
11.8	5.0
12.0	3.0
12.2	8.0
12.4	5.0
12.6	2.0
12.8	6.0
13.0	4.0
13.2	2.0
13.4	4.0
13.6	2.0
13.8	2.0
14.0	1.0
14.2	2.0
14.4	1.0
14.6	2.0
14.8	1.0
15.0	1.0
15.2	3.0
15.4	1.0
15.6	5.0
15.8	2.0
16.0	5.0
