Distance (mm)	Counts
0.0	2.0
0.2	3.0
0.4	1.0
0.6	2.0
0.8	3.0
1.0	5.0
1.2	5.0
1.4	5.0
1.6	5.0
1.8	1.0
2.0	5.0
2.2	3.0
2.4	18.0
2.6	32.0
2.8	32.0
3.0	57.0
3.2	70.0
3.4	87.0
3.6	69.0
3.8	74.0
4.0	58.0
4.2	30.0
4.4	22.0
4.6	16.0
4.8	5.0
5.0	5.0
5.2	9.0
5.4	4.0
5.6	2.0
5.8	5.0
6.0	5.0
6.2	3.0
6.4	5.0
6.6	2.0
6.8	8.0
7.0	8.0
7.2	8.0
7.4	17.0
7.6	33.0
7.8	50.0
8.0	69.0
8.2	77.0
8.4	97.0
8.6	50.0
8.8	41.0
9.0	23.0
9.2	12.0
9.4	5.0
9.6	5.0
9.8	2.0
10.0	5.0
10.2	4.0
10.4	2.0
10.6	2.0
10.8	3.0
11.0	2.0
11.2	2.0
11.4	2.0
11.6	2.0
11.8	0.0
12.0	1.0
12.2	3.0
12.4	2.0
12.6	0.0
12.8	2.0
13.0	2.0
13.2	4.0
13.4	3.0
13.6	2.0
13.8	2.0
14.0	2.0
14.2	2.0
14.4	2.0
14.6	1.0
14.8	1.0
15.0	1.0
15.2	2.0
15.4	4.0
15.6	1.0
15.8	0.0
16.0	4.0
