Distance (mm)	Counts
0.0	3.0
0.2	4.0
0.4	11.0
0.6	18.0
0.8	26.0
1.0	46.0
1.2	60.0
1.4	63.0
1.6	84.0
1.8	66.0
2.0	44.0
2.2	16.0
2.4	13.0
2.6	7.0
2.8	3.0
3.0	4.0
3.2	5.0
3.4	2.0
3.6	2.0
3.8	2.0
4.0	1.0
4.2	1.0
4.4	1.0
4.6	5.0
4.8	4.0
5.0	2.0
5.2	2.0
5.4	4.0
5.6	3.0
5.8	3.0
6.0	3.0
6.2	3.0
6.4	3.0
6.6	1.0
6.8	2.0
7.0	6.0
7.2	2.0
7.4	1.0
7.6	3.0
7.8	1.0
8.0	1.0
8.2	1.0
8.4	2.0
8.6	2.0
8.8	1.0
9.0	1.0
9.2	5.0
9.4	4.0
9.6	3.0
9.8	3.0
10.0	5.0
10.2	8.0
10.4	14.0
10.6	16.0
10.8	40.0
11.0	38.0
11.2	64.0
11.4	90.0
11.6	72.0
11.8	50.0
12.0	28.0
12.2	12.0
12.4	5.0
12.6	4.0
12.8	0.0
13.0	3.0
13.2	1.0
13.4	4.0
13.6	4.0
13.8	1.0
14.0	2.0
14.2	3.0
14.4	1.0
14.6	1.0
14.8	3.0
15.0	0.0
15.2	2.0
15.4	2.0
15.6	1.0
15.8	2.0
16.0	1.0
