Distance (mm)	Counts
0.0	6.0
0.2	4.0
0.4	13.0
0.6	19.0
0.8	41.0
1.0	59.0
1.2	79.0
1.4	91.0
1.6	72.0
1.8	59.0
2.0	22.0
2.2	24.0
2.4	7.0
2.6	9.0
2.8	4.0
3.0	6.0
3.2	6.0
3.4	3.0
3.6	2.0
3.8	3.0
4.0	4.0
4.2	4.0
4.4	1.0
4.6	1.0
4.8	2.0
5.0	2.0
5.2	5.0
5.4	1.0
5.6	4.0
5.8	5.0
6.0	2.0
6.2	0.0
6.4	0.0
6.6	2.0
6.8	5.0
7.0	1.0
7.2	2.0
7.4	2.0
7.6	5.0
7.8	2.0
8.0	3.0
8.2	2.0
8.4	4.0
8.6	4.0
8.8	7.0
9.0	4.0
9.2	3.0
9.4	4.0
9.6	7.0
9.8	5.0
10.0	11.0
10.2	11.0
10.4	25.0
10.6	34.0
10.8	48.0
11.0	72.0
11.2	85.0
11.4	98.0
11.6	72.0
11.8	46.0
12.0	23.0
12.2	12.0
12.4	6.0
12.6	7.0
12.8	6.0
13.0	5.0
13.2	2.0
13.4	3.0
13.6	4.0
13.8	5.0
14.0	3.0
14.2	1.0
14.4	5.0
14.6	2.0
14.8	2.0
15.0	3.0
15.2	2.0
15.4	1.0
15.6	1.0
15.8	4.0
16.0	3.0
