Distance (mm)	Counts
0.0	39.0
0.2	36.0
0.4	55.0
0.6	64.0
0.8	95.0
1.0	130.0
1.2	116.0
1.4	90.0
1.6	92.0
1.8	53.0
2.0	52.0
2.2	39.0
2.4	25.0
2.6	29.0
2.8	30.0
3.0	26.0
3.2	26.0
3.4	18.0
3.6	23.0
3.8	14.0
4.0	10.0
4.2	12.0
4.4	21.0
4.6	16.0
4.8	24.0
5.0	12.0
5.2	9.0
5.4	13.0
5.6	10.0
5.8	10.0
6.0	15.0
6.2	18.0
6.4	14.0
6.6	11.0
6.8	13.0
7.0	12.0
7.2	13.0
7.4	12.0
7.6	8.0
7.8	11.0
8.0	17.0
8.2	10.0
8.4	19.0
8.6	17.0
8.8	13.0
9.0	18.0
9.2	16.0
9.4	14.0
9.6	16.0
9.8	21.0
10.0	21.0
10.2	31.0
10.4	35.0
10.6	39.0
10.8	60.0
11.0	41.0
11.2	71.0
11.4	69.0
11.6	84.0
11.8	107.0
12.0	134.0
12.2	78.0
12.4	70.0
12.6	56.0
12.8	37.0
13.0	34.0
13.2	42.0
13.4	21.0
13.6	21.0
13.8	6.0
14.0	19.0
14.2	27.0
14.4	18.0
14.6	15.0
14.8	15.0
15.0	15.0
15.2	12.0
15.4	20.0
15.6	19.0
15.8	13.0
16.0	15.0
