Distance (mm)	Counts
0.0	11.0
0.2	7.0
0.4	11.0
0.6	8.0
0.8	16.0
1.0	14.0
1.2	25.0
1.4	25.0
1.6	25.0
1.8	18.0
2.0	30.0
2.2	36.0
2.4	38.0
2.6	39.0
2.8	44.0
3.0	47.0
3.2	52.0
3.4	61.0
3.6	73.0
3.8	107.0
4.0	117.0
4.2	109.0
4.4	127.0
4.6	103.0
4.8	96.0
5.0	71.0
5.2	64.0
5.4	58.0
5.6	47.0
5.8	49.0
6.0	41.0
6.2	36.0
6.4	42.0
6.6	23.0
6.8	28.0
7.0	27.0
7.2	21.0
7.4	30.0
7.6	35.0
7.8	35.0
8.0	29.0
8.2	46.0
8.4	45.0
8.6	42.0
8.8	40.0
9.0	70.0
9.2	98.0
9.4	108.0
9.6	153.0
9.8	142.0
10.0	134.0
10.2	124.0
10.4	97.0
10.6	52.0
10.8	43.0
11.0	45.0
11.2	38.0
11.4	39.0
11.6	34.0
11.8	29.0
12.0	27.0
12.2	22.0
12.4	19.0
12.6	18.0
12.8	26.0
13.0	13.0
13.2	20.0
13.4	24.0
13.6	18.0
13.8	12.0
14.0	7.0
14.2	15.0
14.4	10.0
14.6	9.0
14.8	19.0
15.0	9.0
15.2	13.0
15.4	16.0
15.6	9.0
15.8	7.0
16.0	10.0
