Distance (mm)	Counts
0.0	41.0
0.2	43.0
0.4	39.0
0.6	62.0
0.8	58.0
1.0	85.0
1.2	102.0
1.4	116.0
1.6	93.0
1.8	80.0
2.0	66.0
2.2	66.0
2.4	54.0
2.6	51.0
2.8	31.0
3.0	33.0
3.2	28.0
3.4	27.0
3.6	23.0
3.8	25.0
4.0	19.0
4.2	17.0
4.4	11.0
4.6	12.0
4.8	19.0
5.0	13.0
5.2	12.0
5.4	15.0
5.6	13.0
5.8	10.0
6.0	13.0
6.2	21.0
6.4	11.0
6.6	12.0
6.8	16.0
7.0	19.0
7.2	10.0
7.4	15.0
7.6	12.0
7.8	21.0
8.0	17.0
8.2	18.0
8.4	17.0
8.6	19.0
8.8	22.0
9.0	17.0
9.2	31.0
9.4	22.0
9.6	36.0
9.8	37.0
10.0	33.0
10.2	38.0
10.4	40.0
10.6	50.0
10.8	63.0
11.0	72.0
11.2	103.0
11.4	130.0
11.6	123.0
11.8	104.0
12.0	78.0
12.2	56.0
12.4	36.0
12.6	33.0
12.8	39.0
13.0	32.0
13.2	30.0
13.4	31.0
13.6	22.0
13.8	20.0
14.0	18.0
14.2	11.0
14.4	25.0
14.6	9.0
14.8	17.0
15.0	9.0
15.2	11.0
15.4	13.0
15.6	12.0
15.8	10.0
16.0	15.0
