Distance (mm)	Counts
0.0	28.0
0.2	18.0
0.4	40.0
0.6	37.0
0.8	37.0
1.0	56.0
1.2	70.0
1.4	73.0
1.6	69.0
1.8	117.0
2.0	135.0
2.2	121.0
2.4	90.0
2.6	65.0
2.8	48.0
3.0	43.0
3.2	41.0
3.4	50.0
3.6	37.0
3.8	38.0
4.0	34.0
4.2	25.0
4.4	26.0
4.6	19.0
4.8	27.0
5.0	17.0
5.2	19.0
5.4	13.0
5.6	24.0
5.8	20.0
6.0	20.0
6.2	9.0
6.4	12.0
6.6	13.0
6.8	25.0
7.0	18.0
7.2	22.0
7.4	17.0
7.6	19.0
7.8	22.0
8.0	16.0
8.2	34.0
8.4	31.0
8.6	29.0
8.8	29.0
9.0	34.0
9.2	58.0
9.4	51.0
9.6	48.0
9.8	55.0
10.0	70.0
10.2	86.0
10.4	137.0
10.6	153.0
10.8	121.0
11.0	89.0
11.2	76.0
11.4	61.0
11.6	52.0
11.8	45.0
12.0	45.0
12.2	37.0
12.4	29.0
12.6	40.0
12.8	26.0
13.0	23.0
13.2	15.0
13.4	23.0
13.6	16.0
13.8	20.0
14.0	8.0
14.2	18.0
14.4	13.0
14.6	9.0
14.8	15.0
15.0	10.0
15.2	6.0
15.4	9.0
15.6	10.0
15.8	10.0
16.0	10.0
