Distance (mm)	Counts
0.0	10.0
0.2	8.0
0.4	16.0
0.6	19.0
0.8	17.0
1.0	18.0
1.2	15.0
1.4	24.0
1.6	19.0
1.8	15.0
2.0	24.0
2.2	27.0
2.4	33.0
2.6	47.0
2.8	47.0
3.0	58.0
3.2	62.0
3.4	92.0
3.6	101.0
3.8	107.0
4.0	123.0
4.2	127.0
4.4	109.0
4.6	115.0
4.8	94.0
5.0	71.0
5.2	65.0
5.4	49.0
5.6	41.0
5.8	47.0
6.0	59.0
6.2	51.0
6.4	55.0
6.6	49.0
6.8	44.0
7.0	55.0
7.2	54.0
7.4	58.0
7.6	68.0
7.8	70.0
8.0	71.0
8.2	120.0
8.4	142.0
8.6	133.0
8.8	137.0
9.0	128.0
9.2	71.0
9.4	63.0
9.6	63.0
9.8	63.0
10.0	51.0
10.2	49.0
10.4	30.0
10.6	22.0
10.8	22.0
11.0	26.0
11.2	29.0
11.4	28.0
11.6	20.0
11.8	21.0
12.0	21.0
12.2	12.0
12.4	11.0
12.6	18.0
12.8	12.0
13.0	13.0
13.2	14.0
13.4	10.0
13.6	16.0
13.8	8.0
14.0	16.0
14.2	10.0
14.4	15.0
14.6	12.0
14.8	8.0
15.0	12.0
15.2	11.0
15.4	8.0
15.6	15.0
15.8	8.0
16.0	3.0
