Distance (mm)	Counts
0.0	30.0
0.2	37.0
0.4	36.0
0.6	42.0
0.8	50.0
1.0	56.0
1.2	77.0
1.4	101.0
1.6	116.0
1.8	121.0
2.0	104.0
2.2	97.0
2.4	73.0
2.6	39.0
2.8	55.0
3.0	38.0
3.2	32.0
3.4	30.0
3.6	32.0
3.8	26.0
4.0	20.0
4.2	19.0
4.4	9.0
4.6	20.0
4.8	16.0
5.0	15.0
5.2	18.0
5.4	25.0
5.6	17.0
5.8	14.0
6.0	11.0
6.2	14.0
6.4	12.0
6.6	17.0
6.8	19.0
7.0	10.0
7.2	11.0
7.4	16.0
7.6	13.0
7.8	15.0
8.0	12.0
8.2	21.0
8.4	21.0
8.6	12.0
8.8	20.0
9.0	17.0
9.2	22.0
9.4	16.0
9.6	23.0
9.8	33.0
10.0	42.0
10.2	32.0
10.4	43.0
10.6	42.0
10.8	60.0
11.0	72.0
11.2	90.0
11.4	98.0
11.6	113.0
11.8	89.0
12.0	108.0
12.2	73.0
12.4	66.0
12.6	42.0
12.8	42.0
13.0	34.0
13.2	30.0
13.4	27.0
13.6	25.0
13.8	18.0
14.0	34.0
14.2	17.0
14.4	21.0
14.6	14.0
14.8	23.0
15.0	15.0
15.2	16.0
15.4	9.0
15.6	9.0
15.8	9.0
16.0	17.0
